00000000000000000000000000000000000000000000000000
00000000000000000000000000000000000000000000000000
00000000000000000000000000000000000000000000000000
00000000000000000000000000000000000000000000000000
00000000000000000000000000000000000000000000000000
00000000000000100000000000000000000001000000000000
00000000000000100000000000000000000001000000000000
00000000000000100000000000000000000001000000000000
00000000000000100000000000000000000001000000000000
00000000000000100000000000000000000001000000000000
00000000000000100000000000000000000001000000000000
00000000000000100000000000000000000001000000000000
00000000000000100000000000000000000001000000000000
00000000000000100000000000000000000001000000000000
00000000000000100000000000000000000001000000000000
00000000000000100000000000000000000001000000000000
00000000000000100000000000000000000001000000000000
00000000000000100000000000000000000001000000000000
00000000000000100000000000000000000001000000000000
00000000000000100000000000000000000001000000000000
00000000000000100000000000000000000001000000000000
00000000000000100000000000000000000001000000000000
00000000000000100000000000000000000001000000000000
00000000000000100000000000000000000001000000000000
00000000000000100000000000000000000001000000000000
00000000000000000000000000000000000000000000000000
00000000000000000000000000000000000000000000000000
00000000000000000000000000000000000000000000000000
00000000000000000000000000000000000000000000000000
00000000000000000000000000000000000000000000000000
00000000000000000000000000000000000000000000000000
00000000000000000000000000000000000000000000000000
00000000000000000000000000000000000000000000000000
00000000000000000000000010000000000000000000000000
00000000000000000000000010000000000000000000000000
00000000000000000000000010000000000000000000000000
00000000000000000000000010000000000000000000000000
00000000000000000000000010000000000000000000000000
00000000000000000000000010000000000000000000000000
00000000000000000000000010000000000000000000000000
00000000000000000000000010000000000000000000000000
00000000000000000000000010000000000000000000000000
00000001111111111111111111111111111111111111100000
00000000000000000000000010000000000000000000000000
00000000000000000000000010000000000000000000000000
00000000000000000000000010000000000000000000000000
00000000000000000000000010000000000000000000000000
00000000000000000000000000000000000000000000000000
00000000000000000000000000000000000000000000000000
00000000000000000000000000000000000000000000000000